19
20
21
73
78
79
88
89
90
95
97
99
118
135
139
304
307
308
309
310
311
312
313
314
318
321
326
342
344
348
350
354
356
358
360
362
363
367
375
377
379
380
383
384
385
386
387
390
391
398
399
401
402
404
405
408
411
412
413
415
416
418
421
422
423
424
429
430
431
436
441
446
492
493
496
497
499
500
505
506
507
512
514
516
520
522
525
527
528
530
533
535
537
538
543
544
546
547
548
551
552
554
582
587
588
602
606
611
615
616
617
618
619
620
621
622
623
626
627
628
630
633
635
637
641
642
650
651
658
661
662
663
669
670
676
677
723
727
728
729
735
739
743
746
748
753
755
757
766
768
776
777
780
781
782
785
786
788
789
791
793
794
796
797
798
800
803
805
808
809
813
819
821
822
827
828
829
830
834
838
841
842
844
845
856
858
868
869
872
875
878
879
881
882
887
888
890
891
892
895
896
897
898
900
902
903
905
907
909
911
913
914
915
918
919
920
923
924
925
926
927
929
930
931
932
933
934
935
936
937
938
939
940
941
942
943
944
946
947
948
949
951
952
953
955
956
957
959
972
973
977
978
981
982
983
984
985
1007
1031
1032
1036
1037
1039
1041
1042
1043
1047
1048
1432
1520
1521
1522
1523
1559
1562
1563
1564
1575
1576
1577
1578
1579
1580
1581
1582
1583
1584
1585
1586
1587
1588
1590
1592
1593
1595
1596
1602
1611
1613
1618
1619
1622
1623
1625
1626
1627
1628
1629
1630
1631
1632
1633
1635
1636
1637
1638
1639
1640
1641
1642
1643
1644
1645
1646
1647
1648
1649
1650
1652
1653
1654
1655
1656
1657
1659
1660
1661
1662
1663
1664
1665
1666
1667
1668
1671
1672
1673
1674
1675
1676
1677
1678
1679
1680
1681
1682
1683
1684
1685
1686
1687
1688
1689
1690
1691
1692
1693
1694
1695
1697
1698
1699
1708
1709
1711
1712
1716
1717
1718
1719
1722
1724
1725
1726
1727
1728
1729
1730
1769
1770
1771
1773
1777
1778
1779
1780
1781
1782
1804
1827
1839
1840
1842
1843
1845
1846
1854
1864
1865
1866
1867
1868
1872
1873
1874
1875
1876
1877
1878
1881
1882
1883
1893
1899
1908
1911
1913
1914
1915
1916
1917
1919
1925
1934
1948
1954
1956
1960
1965
1968
1969
1970
1971
1972
1981
1983
1985
1986
1988
1989
1990
1991
1992
2010
2011
2014
2015
2016
2018
2019
2020
2021
2022
2023
2024
2025
2026
2027
2030
2031
2032
2033
2035
2036
2037
2038
2039
2040
2042
2043
2044
2045
2046
2047
2048
2049
2050
2051
2052
2053
2054
2055
2056
2057
2058
2059
2060
2061
2062
2063
2064
2065
2066
2067
2068
2069
2070
2071
2072
2073
2074
2075
2076
2078
2079
2081
2082
2083
2084
2085
2086
2095
2096
2097
2098
2099
2100
2101
2102
2103
2104
2106
2107
2108
2109
2110
2111
2112
2113
2114
2115
2116
2117
2118
2119
2120
2126
2127
2129
2130
2147
2149
2151
2152
2155
2156
2157
2159
2160
2161
2164
2166
2168
2169
2170
2171
2172
2173
2174
2176
2178
2179
2180
2182
2183
2184
2185
2187
2188
2189
2191
2192
2193
2194
2195
2196
2197
2198
2199
2200
2201
2202
2203
2205
2207
2209
2210
2212
2214
2215
2216
2217
2220
2221
2223
2227
2228
2229
2230
2232
2233
2234
2235
2236
2237
2238
2239
2240
2241
2242
2243
2244
2245
2246
2247
2248
2249
2250
2251
2252
2253
2254
2255
2256
2257
2258
2259
2260
2261
2262
2263
2264
2265
2266
2267
2268
2269
2270
2271
2272
2273
2274
2275
2277
2279
2280
2281
2283
2285
2286
2287
2288
2290
2291
2292
2293
2294
2295
2296
2298
2309
2312
2313
2319
2320
2321
2322
2344
2386
2402
2403
2404
2405
2406
2409
2419
2421
2423
2424
2427
2428
2452
2453
2454
2455
2456
2483
2484
2486
2503
2516
2521
2522
2524
2535
2537
2539
2540
2541
2542
2543
2544
2545
2546
2548
2549
2550
2551
2552
2553
2556
2561
2562
2563
2565
2566
2573
2574
2576
2577
2578
2579
2580
2581
2594
2668
2669
2672
2676
2677
2678
2679
2683
2684
2685
2686
2687
2688
2694
2697
2698
2709
2732
2735
2736
2737
2738
2751
2758
2760
2762
2763
2764
2779
2780
2781
2784
2785
2786
2787
2788
2789
2790
2791
2792
2794
2796
2801
2802
2804
2806
2808
2809
2810
2814
2815
2818
2819
2820
2823
2824
2826
2827
2829
2830
2832
2833
2865
2866
2872
2873
2879
2880
2883
2884
2885
2894
2895
2896
2897
2898
2899
2900
2901
2902
2915
2918
2919
2920
2921
2922
2923
2924
2925
2926
2927
2928
2929
2930
2931
2932
2933
2934
2939
2940
2941
2944
2946
2947
2948
2949
2950
2955
2957
2958
2961
2962
2963
2964
2965
2968
2972
2973
2974
2975
2976
2979
2980
2981
2982
2984
2986
2987
2988
2989
2990
2991
2992
2993
2994
2995
2996
2997
2998
2999
3000
3001
3002
3003
3004
3005
3006
3007
3008
3009
3012
3013
3014
3017
3018
3019
3020
3021
3022
3023
3024
3025
3026
3027
3028
3029
3030
3031
3032
3033
3034
3035
3036
3037
3038
3039
3040
3041
3042
3044
3053
3054
3055
3056
3057
3058
3059
3060
3061
3063
3064
3065
3066
3067
3068
3069
3070
3071
3072
3073
3074
3075
3076
3077
3078
3079
3080
3081
3082
3083
3090
3099
3100
3101
3106
3107
3109
3110
3111
3112
3113
3114
3115
3116
3117
3118
3119
3120
3121
3122
3123
3124
3125
3126
3127
3128
3129
3130
3131
3132
3133
3134
3135
3136
3137
3138
3139
3140
3141
3142
3146
3149
3150
3151
3152
3153
3154
3155
3156
3157
3158
3159
3160
3180
3181
3182
3183
3184
3185
3187
3188
3189
3190
3191
3192
3193
3194
3195
3196
3197
3198
3199
3203
3204
3205
3207
3208
3210
3212
3213
3214
3215
3216
3217
3218
3219
3220
3221
3222
3223
3224
3226
3227
3228
3229
3232
3234
3235
3236
3237
3238
3239
3240
3241
3242
3243
3244
3245
3246
3247
3248
3249
3250
3251
3252
3253
3254
3255
3256
3257
3258
3259
3260
3261
3262
3263
3264
3265
3266
3267
3268
3270
3271
3273
3274
3275
3276
3277
3278
3279
3280
3281
3282
3283
3284
3285
3286
3287
3288
3289
3290
3291
3293
3294
3295
3296
3297
3298
3299
3300
3301
3302
3303
3304
3305
3306
3307
3308
3309
3310
3311
3312
3313
3314
3315
3316
3317
3318
3319
3320
3321
3322
3323
3324
3325
3326
3327
3328
3329
3330
3331
3332
3333
3334
3335
3336
3337
3338
3339
3340
3341
3342
3343
3344
3345
3346
3347
3348
3349
3350
3351
3352
3353
3355
3356
3357
3358
3359
3360
3361
3363
3364
3365
3369
3384
3385
3386
3387
3388
3389
3390
3391
3394
3395
3408
3409
3419
3422
3427
3428
3432
3434
3436
3437
3441
3445
3448
3449
3460
3461
3474
3477
3482
3492
3493
3494
3495
3496
3498
3499
3502
3507
3508
3509
3510
3512
3513
3550
3551
3552
3553
3554
3555
3556
3557
3558
3560
3561
3562
3563
3564
3565
3566
3569
3570
3571
3572
3575
3576
3577
3579
3580
3581
3582
3583
3584
3585
3586
3587
3588
3589
3590
3591
3592
3593
3594
3595
3596
3597
3598
3599
3600
3601
3602
3603
3604
3605
3606
3607
3608
3609
3610
3611
3612
3613
3614
3615
3616
3617
3618
3619
3620
3621
3622
3623
3624
3625
3626
3627
3628
3629
3630
3631
3632
3633
3634
3635
3636
3637
3638
3639
3640
3641
3642
3643
3644
3645
3646
3647
3648
3649
3650
3651
3652
3653
3654
3655
3656
3657
3658
3659
3660
3662
3666
3672
3673
3699
3700
3710
3711
3718
3730
3733
3739
3740
3741
3742
3743
3744
3750
3751
3752
3754
3758
3759
3760
3763
3765
3772
3774
3777
3778
3779
3780
3784
3785
3789
3790
3793
3794
3795
3796
3797
3798
3799
3800
3801
3802
3807
3810
3811
3817
3818
3820
3835
3836
3840
3841
3842
3844
3845
3847
3848
3850
3851
3852
3853
3854
3855
3856
3861
3870
3871
3876
3877
3878
3879
3880
3881
3882
3883
3885
3886
3887
3888
3889
3890
3897
3898
3899
3900
3901
3904
3905
3906
3909
3910
3911
3912
3913
3918
3920
3921
3922
3924
3925
3926
3928
3929
3930
3931
3932
3944
3945
3946
3947
3949
3950
3951
3952
3953
3954
3955
3956
3957
3958
3959
3960
3961
3962
3963
3966
3967
3968
3969
3983
3984
3985
3986
3987
3988
4001
4002
4003
4004
4006
4008
4009
4010
4011
4012
4013
4014
4015
4016
4017
4018
4019
4020
4021
4022
4023
4024
4025
4028
4029
4030
4031
4032
4033
4034
4035
4036
4037
4038
4039
4040
4041
4042
4043
4044
4045
4046
4047
4048
4049
4050
4051
4052
4053
4054
4055
4056
4057
4058
4059
4060
4061
4062
4064
4065
4066
4067
4068
4069
4070
4071
4072
4073
4074
4075
4076
4077
4078
4079
4080
4081
4082
4083
4084
4085
4086
4087
4088
4089
4090
4091
4092
4093
4094
4095
4096
4097
4098
4099
4100
4101
4102
4103
4105
4106
4107
4109
4110
4111
4112
4113
4114
4115
4116
4117
4118
4119
4120
4121
4122
4123
4124
4125
4126
4127
4128
4129
4142
4143
4144
4145
4146
4147
4150
4151
4152
4153
4154
4155
4156
4157
4158
4159
4161
4162
4163
4164
4165
4166
4169
4170
4171
4173
4175
4176
4177
4178
4179
4181
4182
4186
4187
4188
4189
4190
4192
4193
4195
4197
4198
4199
4200
4201
4204
4205
4206
4207
4209
4210
4211
4212
4213
4214
4216
4217
4218
4219
4220
4221
4222
4223
4224
4225
4226
4227
4228
4229
4230
4231
4232
4233
4234
4235
4236
4237
4238
4239
4240
4241
4242
4243
4244
4245
4246
4247
4248
4249
4250
4251
4252
4253
4254
4255
4256
4257
4258
4259
4260
4261
4262
4263
4264
4265
4266
4267
4268
4269
4270
4271
4272
4273
4274
4275
4276
4277
4278
4279
4280
4281
4282
4283
4353
4354
4355
4357
4358
4360
4361
4362
4363
4365
4368
4369
4370
4371
4372
4373
4374
4378
4379
4380
4395
4396
4397
4402
4403
4404
4405
4408
4409
4415
4417
4421
4424
4438
4440
4444
4445
4446
4448
4449
4469
4470
4471
4472
4475
4476
4477
4478
4479
4480
4481
4484
4485
4486
4487
4488
4489
4490
4491
4492
4493
4494
4495
4496
4497
4498
4499
4501
4503
4504
4505
4506
4507
4508
4510
4511
4514
4528
4529
4530
4531
4532
4536
4541
4542
4543
4544
4546
4547
4548
4549
4550
4554
4561
4562
4565
4566
4567
4577
4583
4586
4590
4591
4592
4600
4601
4602
4604
4608
4613
4628
4629
4630
4631
4632
4633
4642
4649
4650
4651
4652
4657
4659
4660
4661
4662
4663
4664
4665
4676
4686
4687
4688
4689
4690
4691
4692
4693
4694
4695
4696
4697
4698
4699
4700
4701
4702
4703
4704
4705
4706
4707
4708
4709
4710
4711
4712
4713
4714
4715
4716
4717
4718
4724
4725
4726
4727
4728
4729
4730
4731
4732
4733
4734
4735
4736
4737
4738
4739
4740
4741
4742
4743
4744
4745
4746
4747
4748
4749
4750
4751
4752
4753
4754
4756
4757
4758
4763
4764
4765
4766
4767
4768
4769
4772
4773
4774
4775
4776
4777
4778
4781
4782
4783
4784
4785
4786
4788
4790
4791
4793
4794
4795
4797
4798
4799
4800
4802
4803
4806
4807
4814
4815
4816
4818
4821
4822
4823
4824
4825
4826
4827
4828
4829
4830
4831
4832
4833
4834
4835
4836
4837
4838
4839
4840
4854
4855
4856
4857
4858
4859
4860
4861
4862
4863
4864
4865
4866
4867
4868
4869
4870
4871
4872
4873
4874
4875
4881
4882
4883
4884
4885
4886
4888
4908
4909
4911
4913
4915
4925
4926
4927
4928
4929
4930
4931
4932
4933
4934
4936
4938
4939
4940
4945
4955
4956
4957
4958
4960
4961
4962
4963
4964
4966
4971
4973
4974
4975
4976
4978
4979
4981
4982
4983
4987
4988
4989
4990
4991
4993
4994
4995
4996
4997
4998
4999
5000
5001
5002
5003
5005
5006
5007
5008
5009
5010
5011
5012
5013
5014
5015
5016
5017
5018
5019
5020
5021
5022
5023
5024
5025
5026
5027
5028
5029
5030
5031
5032
5033
5034
5038
5039
5136
5158
5159
5165
5166
5176
5177
5178
5179
5180
5181
5182
5183
5184
5185
5186
5187
5188
5190
5191
5192
5193
5194
5197
5241
5244
5246
5248
5250
5283
5286
5287
5288
5290
5291
5294
5295
5296
5297
5298
5299
5300
5303
5304
5306
5307
5308
5309
5314
5322
5323
5336
5337
5338
5339
5340
5341
5350
5353
5359
5360
5364
5365
5372
5373
5374
5375
5376
5377
5378
5379
5380
5381
5382
5383
5384
5385
5386
5387
5388
5389
5390
5391
5392
5393
5394
5402
5403
5404
5405
5406
5407
5408
5411
5421
5424
5425
5426
5427
5428
5429
5434
5435
5436
5437
5438
5448
5449
5464
5468
5469
5471
5472
5473
5474
5479
5480
5481
5482
5483
5484
5485
5486
5487
5488
5489
5490
5491
5492
5493
5494
5495
5496
5497
5498
5499
5501
5505
5511
5516
5518
5519
5530
5532
5533
5536
5537
5538
5540
5541
5547
5549
5563
5573
5574
5577
5585
5586
5587
5588
5589
5590
5591
5597
5602
5603
5604
5605
5606
5607
5608
5609
5610
5611
5612
5613
5614
5615
5616
5617
5618
5619
5624
5625
5626
5627
5628
5629
5630
5631
5632
5635
5636
5637
5640
5645
5646
5647
5648
5649
5650
5651
5652
5653
5654
5655
5656
5657
5668
5673
5674
5675
5676
5679
5680
5681
5682
5683
5684
5685
5686
5687
5688
5689
5690
5691
5692
5694
5695
5696
5697
5698
5699
5700
5701
5702
5703
5705
5706
5707
5709
5710
5711
5712
5713
5714
5715
5716
5717
5718
5719
5720
5721
5722
5723
5724
5725
5726
5727
5729
5730
5731
5732
5734
5735
5749
5750
5754
5755
5756
5757
5758
5759
5760
5761
5762
5763
5764
5765
5766
5767
5768
5769
5770
5771
5772
5773
5774
5775
5776
5777
5778
5779
5780
5781
5782
5783
5784
5788
5789
5790
5791
5792
5793
5794
5795
5796
5797
5798
5802
5803
5804
5805
5806
5808
5809
5810
5811
5812
5813
5814
5815
5816
5817
5818
5819
5820
5821
5822
5823
5824
5825
5830
5832
5833
5834
5835
5836
5837
5841
5842
5843
5844
5845
5846
5847
5848
5849
5850
5851
5852
5853
5854
5855
5856
5857
5858
5859
5860
5861
5862
5863
5864
5865
5866
5867
5868
5869
5870
5871
5872
5873
5874
5875
5876
5877
5878
5879
5880
5881
5882
5883
5884
5885
5886
5887
5889
5890
5891
5892
5893
5894
5895
5896
5897
5898
5899
5900
5901
5902
5903
5904
5907
5908
5910
5911
5913
5914
5915
5921
5922
5923
5924
5929
5930
5931
5932
5934
5935
5936
5937
5938
5939
5940
5941
5942
5943
5944
5945
5946
5947
5948
5949
6070
6071
6096
6098
6100
6101
6102
6103
6104
6105
6106
6107
6108
6109
6110
6111
6112
6114
6115
6118
6119
6120
6121
6122
6127
6128
6129
6131
6147
6152
6153
6155
6156
6158
6159
6160
6161
6162
6163
6164
6166
6167
6169
6170
6171
6172
6173
6175
6184
6185
6203
6210
6211
6212
6213
6214
6215
6216
6217
6218
6219
6220
6221
6222
6223
6224
6225
6226
6227
6228
6229
6250
6252
6257
6259
6260
6261
6262
6263
6264
6267
6269
6271
6272
6273
6274
6275
6276
6277
6278
6279
6283
6284
6288
6289
6291
6293
6307
6308
6309
6310
6311
6313
6314
6335
6337
6344
6348
6349
6353
6354
6355
6356
6357
6358
6359
6362
6365
6366
6367
6368
6376
6377
6378
6379
6380
6381
6382
6383
6384
6385
6386
6387
6388
6389
6390
6391
6392
6393
6394
6396
6397
6398
6399
6400
6401
6402
6403
6405
6406
6407
6408
6409
6410
6411
6413
6414
6415
6416
6417
6418
6420
6421
6422
6423
6424
6425
6426
6429
6430
6431
6433
6436
6437
6438
6442
6560
6563
6564
6565
6566
6575
6576
6577
6578
6585
6586
6587
6588
6603
6604
6605
6606
6612
6622
6649
6650
6654
6657
6661
6674
6675
6681
6683
6684
6685
6688
6689
6691
6692
6693
6695
6696
6697
6698
6699
6700
6701
6702
6703
6704
6705
6706
6707
6708
6717
6718
6719
6720
6721
6727
6729
6731
6732
6740
6741
6772
6775
6791
6792
6793
6794
6795
6796
6798
6799
6800
6801
6802
6803
6804
6805
6806
6807
6808
6809
6810
6811
6812
6813
6814
6815
6816
6817
6819
6820
6821
6822
6823
6824
6825
6826
6827
6828
6829
6830
6831
6832
6833
6834
6835
6836
6837
6838
6839
6840
6841
6842
6843
6844
6845
6846
6847
6848
6849
6850
6851
6852
6855
6856
6857
6858
6859
6860
6861
6862
6863
6864
6868
6869
6870
6871
6872
6873
6879
6880
6881
6882
6883
6884
6885
6886
6887
6888
6889
6890
6891
6903
6904
6905
6906
6907
6910
6911
6917
6918
6919
6920
6921
6928
6929
6930
6931
6932
6933
6934
6935
6936
6937
6938
6939
6940
6941
6942
6943
6944
6945
6946
6947
6948
6949
6950
6951
6952
6953
6954
6955
6956
6957
6958
6959
6960
6961
6962
6963
6964
6965
6966
6967
6968
6969
6970
6971
6972
6973
6974
6975
6976
6977
6978
6979
6980
6981
6982
6983
6984
6985
6986
6987
6988
6989
6990
6991
6992
6993
6994
6995
6996
6997
6998
6999
7000
7001
7002
7003
7004
7005
7006
7007
7008
7009
7010
7011
7012
7013
7014
7015
7016
7017
7018
7019
7020
7022
7023
7033
7034
7035
7036
7037
7038
7039
7040
7041
7042
7043
7044
7045
7046
7047
7049
7050
7051
7054
7055
7056
7057
7058
7059
7060
7061
7062
7063
7069
7070
7071
7073
7074
7075
7076
7077
7078
7079
7080
7081
7082
7083
7084
7085
7086
7087
7088
7089
7090
7091
7092
7093
7094
7095
7096
7097
7098
7099
7100
7101
7102
7103
7104
7105
7106
7107
7108
7109
7110
7111
7112
7113
7114
7115
7116
7117
7118
7119
7120
7121
7122
7123
7124
7125
7126
7127
7128
7129
7130
7131
7132
7133
7134
7135
7141
7142
7143
7144
7145
7146
7147
7148
7149
7150
7151
7152
7153
7154
7155
7157
7158
7159
7160
7161
7162
7163
7164
7165
7166
7167
7168
7169
7170
7171
7172
7174
7180
7181
7182
7183
7184
7185
7187
7188
7190
7191
7196
7197
7198
7199
7200
7205
7206
7208
7209
7216
7220
7221
7223
7224
7225
7226
7227
7230
7231
7232
7233
7234
7235
7236
7237
7238
7239
7241
7242
7246
7247
7248
7250
7252
7254
7256
7257
7258
7259
7265
7266
7267
7269
7270
7271
7277
7287
7289
7290
7302
7303
7321
7322
7323
7324
7325
7327
7328
7329
7335
7340
7343
7344
7345
7346
7355
7356
7359
7367
7368
7369
7370
7372
7373
7374
7375
7376
7377
7378
7379
7380
7381
7382
7383
7384
7385
7386
7387
7388
7391
7400
7401
7402
7404
7415
7417
7418
7419
7420
7421
7422
7423
7424
7425
7426
7427
7428
7429
7430
7439
7440
7443
7444
7446
7447
7448
7453
7454
7455
7457
7458
7459
7460
7461
7469
7473
7474
7475
7476
7477
7478
7479
7480
7481
7493
7503
7504
7505
7509
7512
7515
7517
7518
7519
7520
7521
7522
7523
7524
7525
7526
7527
7528
7529
7530
7531
7532
7533
7534
7535
7552
7553
7561
7562
7564
7567
7568
7569
7570
7573
7576
7577
7578
7579
7580
7581
7582
7583
7584
7585
7591
7592
7603
7604
7605
7606
7607
7608
7609
7610
7617
7618
7626
7627
7628
7629
7630
7635
7640
7641
7643
7646
7683
7684
7686
7688
7689
7690
7691
7693
7694
7695
7696
7697
7698
7699
7700
7701
7702
7703
7704
7706
7707
7708
7709
7711
7712
7713
7714
7715
7716
7717
7718
7719
7721
7723
7724
7726
7727
7728
7743
7744
7746
7747
7748
7749
7750
7751
7752
7753
7754
7755
7756
7757
7758
7759
7760
7761
7763
7764
7765
7766
7767
7769
7770
7771
7772
7773
7774
7775
7776
7777
7778
7779
7780
7781
7782
7783
7784
7786
7795
7796
7798
7799
7800
7801
7802
7803
7804
7805
7806
7807
7808
7809
7810
7811
7812
7813
7814
7815
7816
7817
7818
7819
7820
7821
7822
7823
7824
7825
7826
7827
7828
7831
7832
7833
7834
7835
7836
7837
7838
7839
7840
7841
7842
7843
7844
7845
7846
7847
7848
7849
7850
7851
7852
7853
7854
7855
7856
7857
7858
7859
7860
7861
7862
7863
7864
7865
7866
7867
7868
7869
7875
7876
7877
7878
7881
7882
7883
7884
7885
7886
7887
7888
7889
7890
7891
7892
7893
7894
7895
7896
7897
7898
7899
7900
7901
7902
7903
7904
7905
7906
7907
7908
7909
7910
7911
7912
7913
7914
7916
7917
7919
7920
7922
7923
7924
7925
7926
7927
7928
7929
7930
7931
7932
7933
7934
7935
7936
7937
7938
7939
7940
7941
7942
7943
7944
7945
7946
7947
7948
7995
7996
7997
7998
7999
8000
8001
8002
8003
8004
8005
8006
8007
8008
8009
8010
8011
8012
8013
8014
8015
8016
8017
8018
8019
8020
8021
8022
8023
8024
8025
8026
8027
8028
8029
8030
8031
8034
8035
8036
8037
8038
8039
8040
8041
8042
8043
8044
8045
8046
8047
8048
8049
8050
8051
8052
8053
8054
8055
8056
8057
8058
8059
8060
8061
8062
8063
8064
8065
8066
8067
8068
8069
8070
8071
8072
8073
8074
8075
8076
8077
8078
8079
8080
8081
8082
8083
8084
8085
8086
8087
8088
8089
8090
8091
8092
8093
8094
8095
8096
8097
8098
8099
8100
8101
8102
8103
8104
8105
8106
8107
8108
8109
8110
8111
8112
8113
8122
8123
8124
8125
8126
8127
8128
8129
8130
8131
8141
8142
8144
8145
8146
8147
8148
8149
8150
8152
8154
8156
8157
8158
8159
8160
8161
8162
8164
8165
8167
8168
8169
8171
8172
8173
8174
8175
8176
8177
8178
8179
8180
8181
8182
8188
8196
8197
8198
8199
8200
8201
8202
8203
8204
8205
8206
8207
8208
8209
8210
8211
8213
8214
8223
8230
8233
8234
8235
8236
8237
8238
8239
8240
8241
8242
8243
8244
8245
8246
8247
8248
8249
8250
8251
8252
8253
8254
8255
8256
8257
8258
8259
8260
8261
8262
8263
8265
8266
8267
8268
8270
8271
8272
8273
8371
8448
8449
8454
8456
8457
8458
8459
8460
8461
8462
8464
8465
8467
8468
8469
8470
8471
8472
8473
8474
8476
8477
8478
8479
8481
8482
8483
8491
8492
8493
8494
8496
8497
8500
8502
8503
8507
8518
8521
8524
8541
8549
8550
8552
8553
8554
8555
8557
8558
8559
8560
8564
8565
8566
8567
8571
8572
8573
8574
8584
8585
8588
8591
8592
8593
8594
8595
8596
8597
8598
8601
8602
8603
8604
8605
8606
8607
8608
8609
8610
8611
8612
8613
8614
8615
8616
8617
8619
8620
8621
8622
8623
8624
8625
8626
8627
8628
8629
8630
8631
8632
8633
8634
8635
8636
8637
8638
8639
8640
8641
8642
8644
8645
8646
8647
8648
8649
8650
8651
8652
8653
8654
8655
8656
8657
8658
8659
8660
8661
8662
8663
8664
8665
8667
8669
8671
8672
8673
8674
8675
8676
8677
8678
8679
8680
8681
8682
8683
8684
8685
8686
8687
8688
8689
8690
8691
8692
8693
8694
8695
8696
8698
8699
8700
8701
8702
8703
8704
8705
8706
8707
8709
8710
8711
8712
8713
8714
8715
8716
8717
8718
8719
8720
8721
8723
8724
8725
8726
8727
8728
8730
8731
8732
8733
8734
8735
8736
8737
8738
8740
8741
8742
8743
8744
8745
8746
8747
8748
8749
8750
8751
8752
8753
8754
8755
8756
8757
8758
8759
8761
8762
8763
8764
8765
8766
8767
8768
8769
8770
8771
8772
8773
8774
8892
8893
8898
8901
8902
8904
8905
8909
8913
8916
8917
8918
8919
8920
8921
8922
8923
8924
8925
8931
8932
8933
8936
8939
8940
8941
8942
8943
8944
8945
8946
8947
8950
8951
8952
8953
8958
8960
8961
8962
8964
8965
8966
8972
8976
8984
8990
9011
9012
9013
9014
9015
9016
9017
9023
9025
9026
9027
9028
9049
9051
9052
9053
9054
9055
9057
9058
9061
9062
9063
9065
9066
9067
9068
9075
9077
9078
9081
9084
9086
9087
9088
9093
9094
9095
9096
9097
9098
9103
9104
9105
9108
9109
9111
9112
9113
9116
9120
9121
9122
9132
9133
9134
9135
9145
9152
9153
9154
9155
9156
9157
9158
9159
9160
9161
9162
9163
9164
9165
9166
9167
9168
9184
9185
9186
9187
9188
9189
9190
9191
9192
9193
9195
9196
9197
9198
9199
9200
9201
9202
9203
9204
9205
9222
9223
9224
9226
9228
9229
9230
9231
9232
9241
9242
9243
9244
9245
9247
9248
9249
9250
9251
9252
9253
9254
9255
9256
9257
9258
9259
9261
9262
9263
9264
9265
9266
9267
9268
9269
9270
9271
9272
9273
9274
9275
9292
9293
9294
9295
9296
9297
9298
9299
9300
9301
9302
9303
9304
9305
9306
9307
9308
9309
9310
9311
9312
9313
9314
9315
9316
9317
9318
9319
9321
9322
9323
9324
9326
9327
9329
9330
9368
9371
9372
9373
9374
9375
9376
9377
9378
9380
9381
9382
9383
9384
9386
9387
9388
9390
9391
9392
9394
9395
9397
9398
9399
9400
9402
9403
9404
9405
9406
9407
9408
9409
9411
9412
9413
9414
9415
9417
9418
9419
9420
9421
9422
9423
9427
9428
9429
9430
9436
9439
9441
9442
9444
9445
9449
9450
9451
9452
9453
9454
9455
9456
9457
9458
9459
9460
9461
9474
9481
9482
9483
9484
9485
9486
9487
9488
9490
9491
9492
9493
9494
9495
9496
9497
9498
9499
9500
9501
9502
9503
9504
9505
9506
9507
9508
9509
9510
9511
9512
9513
9514
9515
9516
9517
9519
9525
9526
9527
9528
9530
9532
9534
9535
9536
9538
9539
9540
9541
9542
9543
9544
9546
9547
9548
9549
9550
9551
9552
9553
9554
9555
9556
9557
9558
9559
9560
9561
9562
9563
9564
9565
9566
9567
9568
9569
9570
9575
9578
9579
9583
9588
9593
9594
9595
9596
9598
9601
9602
9603
9604
9605
9606
9607
9608
9609
9611
9612
9613
9614
9717
9718
9719
9720
9721
9722
9723
9724
9725
9726
9727
9729
9730
9731
9733
9734
9735
9736
9737
9738
9739
9740
9754
9756
9758
9759
9760
9767
9768
9769
9770
9771
9772
9774
9775
9776
9792
9793
9794
9795
9796
9797
9800
9801
9802
9803
9804
9805
9807
9808
9809
9811
9812
9813
9814
9816
9817
9830
9831
9832
9835
9836
9837
9838
9839
9840
9841
9842
9843
9844
9845
9846
9848
9849
9852
9853
9854
9855
9856
9857
9859
9860
9861
9862
9863
9864
9865
9866
9867
9868
9870
9872
9873
9874
9875
9876
9877
9878
9879
9880
9881
9882
9883
9886
9887
9889
9890
9891
9892
9893
9894
9896
9897
9915
9954
10143
10232
10233
10234
10235
10237
10239
10240
10241
10242
10244
10246
10249
10252
10256
10260
10318
10330
10342
10359
10383
10388
10394
10439
10466
10481
10482
10489
10490
10491
10492
10493
10573
10576
10672
10705
10712
10758
10769
10784
10789
10790
10791
10797
10825
10837
10845
10847
10848
10849
10876
10877
10896
10898
10899
10900
10901
10907
10908
10921
10923
11348
11350
11351
11354
11355
11358
11802
